schema_version,run_id,run_dir,agent_id,agent_name,agent_version,agent_image,prompt_file,prompt_name,started_at,ended_at,subject_workspace,real_api_call,process_exit_code,process_timed_out,request_count,post_request_count,has_primary_request,primary_request_index,request_method,request_path,model,tokenizer_library,tokenizer_encoding,total_body_tokens,body_tokens,body_bytes,body_chars,text_field_count,text_tokens,system_prompt_tokens,environment_context_tokens,user_prompt_tokens,assistant_context_tokens,tool_context_tokens,other_text_tokens,main_instructions_tokens,developer_instructions_tokens,permissions_instructions_tokens,skills_instructions_tokens,injected_user_context_tokens,instruction_tokens,default_context_tokens,skills_count,skills_tokens,skill_definition_tokens,tool_count,tool_definition_tokens,mcp_count,mcp_tokens,mcp_marker_count,mcp_mention_count,mcp_mention_tokens,subagent_count,subagent_tokens,subagent_marker_count,subagent_mention_count,subagent_mention_tokens
hibench.benchmark.v1,claude-code-2.1.109-hi,runs/claude-code-2.1.109-hi,claude-code,Anthropic Claude Code,2.1.109,hibench/claude-code:2.1.109,prompts/hi.txt,hi,2026-06-13T16:32:46Z,2026-06-13T16:32:48Z,generated empty Git repository,False,0,False,2,1,True,2,POST,/v1/messages?beta=true,claude-sonnet-4-6,tiktoken,o200k_base,22985,22985,103019,102845,6,6186,6115,70,1,0,0,0,5536,579,0,579,70,6185,22588,11,579,421,23,16403,0,0,1,1,327,5,296,8,2,5708
